11 11
0 41 39 2 4 -26 -5 9 -14 0 20 
-41 0 -2 -39 -37 -67 -46 -32 -55 -41 -21 
-39 2 0 -37 -35 -65 -44 -30 -53 -39 -19 
-2 39 37 0 2 -28 -7 7 -16 -2 18 
-4 37 35 -2 0 -30 -9 5 -18 -4 16 
26 67 65 28 30 0 21 35 12 26 46 
5 46 44 7 9 -21 0 14 -9 5 25 
-9 32 30 -7 -5 -35 -14 0 -23 -9 11 
14 55 53 16 18 -12 9 23 0 14 34 
0 41 39 2 4 -26 -5 9 -14 0 20 
-20 21 19 -18 -16 -46 -25 -11 -34 -20 0 
